100
6079 5642 877 3972 9175 1090 9929 500 604 6084 7796 8459 2935 6007 8744 5057 5077 1952 4630 8650 4427 8838 7544 7651 1108 7054 1963 3050 2596 5605 9194 9622 9604 7721 1653 8610 3381 7658 1218 320 3464 6267 4939 8038 9959 5799 3523 7556 525 7410 5366 8696 4863 1211 7431 466 1229 7817 6764 5001 4297 668 138 7909 991 7030 9627 6227 6205 3115 9340 3346 8334 5956 4139 6133 410 4771 8404 1773 9066 9357 4819 7742 9626 9980 2345 2268 7593 3725 5037 9343 6366 5303 2353 8815 3133 1478 9191 5399
5031 6595 3908 5461 6717 2986 356 6206 583 7645 2165 6344 4692 9779 6405 7981 1194 4698 9053 5963 1511 3167 4029 7374 5674 8105 6675 6774 4324 6692 7002 2117 2403 9907 4210 2132 2533 70 5571 1833 2510 9633 3358 8735 5454 6905 8695 1971 4566 182 2899 484 340 48 4045 6726 5959 2460 1647 4326 97 539 7978 4248 7130 5448 2883 3039 8771 6483 1168 3867 4131 7192 7390 6052 6425 3117 2134 4537 1530 158 9559 5528 1137 6614 9824 575 8132 1763 3540 84 7844 2566 3702 3434 5308 7759 1867 1552
3262 9862 1739 9271 4047 7053 4424 3684 4288 854 5120 1995 9809 480 6469 9756 8837 8435 4311 8785 8195 9734 837 8638 8288 5860 931 4183 3462 9906 8122 7351 5082 2827 4194 5516 9904 8992 5104 8171 4902 8756 6378 6457 8481 7189 3661 7336 6034 1152 4604 9866 4843 6582 7202 2304 3410 1343 8398 6959 4844 5906 9926 4420 8897 4938 732 2346 252 7791 2627 8416 6954 444 4636 4239 1565 2563 584 7684 2733 1337 57 6908 7252 3881 8757 6753 5693 1359 2810 4070 2124 9234 4606 3623 9723 7417 1344 9653
8306 9634 8932 7085 7537 7800 8615 5336 7536 3284 3245 5997 6760 5387 1097 1318 6196 1883 5085 46 9032 1524 8297 926 1976 2668 7478 6825 4361 3096 3632 4491 6447 3160 1231 7003 9970 7231 4933 9588 8457 5431 947 3199 6167 6858 8336 9195 4395 2392 3843 3765 6234 7459 8177 6358 4721 6965 2266 6891 436 3978 7681 3914 276 1801 8531 6348 8462 6746 5075 596 4861 4691 4807 2465 8772 2921 9507 7486 8820 9103 8755 14 3325 5361 587 746 7121 439 4426 6222 4642 4947 6319 9222 4280 4462 3461 816
4509 1036 3300 9781 3899 8706 9530 1461 5655 16 3932 5833 6165 702 9454 5517 5568 9997 1408 1201 5725 208 8054 5793 185 3987 2540 6388 4378 7317 7224 1929 5875 5753 5615 1399 7275 667 1038 1476 7629 9232 9400 2297 6979 234 2396 6962 7752 5853 3440 4637 7731 736 8793 1584 7542 6995 9912 4227 9637 9338 6123 1265 8202 209 3909 4799 4289 5976 7804 730 8426 6067 601 9439 39 5836 8700 9228 3036 3079 9954 7986 9943 4319 7167 6941 9505 8845 1382 1180 5295 6275 2257 2449 1888 5577 3900 7321
9144 1601 2819 7670 2949 8482 6321 5475 4621 3054 1694 3665 9372 2552 8728 6108 5092 9533 101 5357 9156 9810 9566 2186 5848 423 4329 6414 3645 3152 2410 8247 9777 1732 3629 196 9419 5331 9046 7730 4982 2283 8328 5688 2640 2269 5634 2612 6497 6515 7975 9288 4218 9506 144 1651 22 7435 1335 6466 5338 9649 2543 7021 4530 2140 2520 8067 9725 8770 882 343 7143 5235 9432 681 4320 2214 5453 2022 2157 2673 9838 2415 7018 4015 5973 7869 9495 8188 5608 3234 1088 8485 1522 4977 5783 2503 9148 6549
311 7695 3409 3742 2785 5394 337 1285 6512 392 5782 5876 8051 3206 8704 679 677 477 7968 168 2511 9488 5225 1667 1389 3622 6883 2852 1322 8214 2450 1435 3720 8276 7168 8106 5934 960 3473 6293 9040 2255 6228 3723 6508 1893 9111 7747 2523 3721 5819 9955 9508 2906 6766 5887 5721 5774 3513 5481 9511 713 4012 9263 1896 2969 4584 1395 8176 6240 897 9881 4076 3990 7856 4682 9534 6481 2417 394 5050 6671 5813 1032 8261 9445 3600 1023 4859 3996 2066 597 8085 990 8130 9465 4386 8110 8984 3537
1777 9081 4917 6071 7781 535 810 8058 1751 1486 9596 7038 9227 3832 5830 5458 8093 4402 2674 6278 3520 5726 9193 5107 6025 3297 6489 1393 8312 216 7305 318 5645 7160 3354 1474 7290 7917 7466 3980 5228 2169 8263 1148 6557 6432 4338 5480 237 585 7265 2578 1536 8639 9820 6015 2555 7137 2166 3333 2707 9316 2466 7779 3745 3058 5315 4702 4503 8203 2519 3799 5069 769 8778 6484 5008 8804 121 3824 4652 3840 3179 578 3029 2077 2948 9792 117 5582 3428 9451 1849 5007 8022 5317 6322 5255 4940 6643
3507 3524 6202 7647 592 7967 290 103 2245 2743 1351 1423 2339 141 7715 4670 4849 7938 4357 8783 9612 4256 517 6792 4393 548 1184 6578 9453 7283 1851 4013 3783 3392 8034 3857 6373 4822 502 7381 5786 3250 7174 3727 5915 5128 3258 9028 2032 2760 3617 9404 5094 8166 2749 2671 1259 8971 9190 1546 605 1770 9636 7692 1302 9347 9374 4077 8670 1728 2183 3144 3772 3809 8732 1400 3971 9182 8809 8119 7512 3730 9219 1065 249 8550 1333 3370 2958 2394 7320 1281 4589 1599 8529 7426 5487 6491 9153 637
4358 6591 6650 6360 1882 7312 1162 5697 9905 4945 9134 1407 8781 2210 5933 6803 8086 9537 6740 6355 4961 2078 8814 4187 4071 6464 708 9171 7382 715 2220 4512 9038 4764 362 4283 3865 6901 2097 3183 1155 1482 4761 556 8476 2085 7028 4533 9610 7422 1109 8577 2451 6636 8679 7046 1633 8813 6404 1493 2350 5208 9308 9005 1300 3710 1824 7467 8801 8308 9548 3221 6545 987 627 1273 1805 977 2557 6458 5922 741 8923 770 932 2404 3447 4034 5916 9421 6384 8552 7399 8702 2826 1290 1072 6009 1296 558
1280 5337 4645 256 1412 695 3802 3838 5829 2713 4016 4302 8558 4785 4611 3621 873 1502 1361 3714 6127 7237 4820 7286 4966 2397 5806 2317 9154 8284 4559 219 4598 7898 4726 42 3917 468 9328 8734 2727 5622 5903 6299 1635 4734 3113 5776 3163 4369 4710 6633 9181 4835 3789 9873 3853 7409 6948 1780 7052 1711 6041 1894 9401 7015 3594 3938 1328 8890 5230 332 3309 2756 4529 2263 1542 6943 6935 5831 2590 3212 1345 6187 1012 9748 893 6401 7954 6509 9651 9956 2273 6541 5587 2104 2878 2082 7035 3888
1509 6046 9067 7951 3414 6687 518 4293 5631 2150 6087 3203 1192 8142 3139 8724 982 2528 9736 8516 7997 6184 52 5033 1015 7182 7569 7943 1879 5569 7463 8423 5073 822 9640 18 8662 3471 7680 4556 368 2857 3613 2644 7441 9702 6539 4284 5362 4085 6647 5141 5182 3223 6273 1052 8025 2249 4345 6418 9029 6428 2608 1901 5971 9184 3779 5401 8089 8617 4904 8324 5733 389 8353 8606 7956 727 2352 5538 6839 1875 3168 9491 2802 7738 8912 7604 9839 7076 3185 6547 2721 3936 4574 4475 910 1449 9988 6775
1274 3706 12 5111 8627 4007 6968 1193 6707 6681 6142 4603 6950 2432 9772 1139 7416 9099 1959 5340 1721 2215 9282 3271 8248 5991 2426 7579 4348 462 579 1746 8227 2892 984 7934 2895 9039 5041 397 6246 5140 3342 2333 4268 293 2553 671 7925 3087 9088 1621 8636 4469 3419 8478 663 776 7025 7702 3496 5126 7912 9125 3497 6971 506 6173 1676 5314 6051 6514 2871 3582 5015 1384 8155 3403 7307 1483 5990 7835 3379 8192 1938 9686 6367 1785 951 8560 9868 6798 5171 143 6865 1206 1141 8715 1448 6518
3525 5929 3482 4443 5450 2936 5944 3841 7020 8782 6823 3141 4 3667 8358 8463 1230 5986 8622 5699 3111 8526 946 170 1477 9109 5846 1642 5795 4036 3469 1961 4854 8501 4931 4315 7714 8766 9921 3557 315 6531 2477 4132 4896 5006 7803 9611 8870 1287 3831 7755 8657 9303 8413 6637 4493 1276 7033 803 5254 6992 3074 3477 5858 572 71 9478 5029 4484 6190 4148 4498 9324 7786 2340 1570 552 9363 268 1053 869 599 4757 2279 4458 613 6107 8469 6641 8917 4270 221 9576 7519 3249 5898 4336 3620 1002
7761 1468 7004 9803 625 6730 7302 450 3956 6606 9547 7146 8975 7650 5620 9019 8872 7075 4157 6748 3921 5272 6093 9073 8222 5805 4753 8438 828 8347 7009 6711 3468 5513 5535 7271 4350 5044 5252 7250 705 6911 9192 5972 650 6788 9856 5420 2714 4524 8690 9775 9631 6053 4731 7916 9654 6501 4944 1967 446 9344 7720 9845 5589 2498 5181 3542 2094 6800 3433 4238 2272 5371 4466 1731 9889 2816 5611 2699 5822 5088 9661 3150 603 4496 38 4198 5597 9376 4023 1806 3733 2853 8769 6333 9065 1457 4092 6040
4298 7990 666 4986 1632 4254 9608 9923 6175 7545 7129 5125 3722 8108 3979 2739 6918 811 5524 2293 7562 3797 935 2329 5117 5525 735 6236 6181 6712 9616 8407 1564 1388 6684 4473 6526 4717 6203 9165 7744 6403 6128 8125 8792 3175 1301 8175 9808 2786 922 4948 569 3798 7865 4042 7184 6027 4696 5310 3228 1007 128 5609 5133 1842 2835 4394 9294 6984 2649 2424 707 333 9107 2821 7070 7711 2833 9257 5139 6720 5032 4365 4048 6408 2972 9606 8322 2838 9186 7197 1758 2154 3320 54 3652 3437 3650 6558
3456 9293 7096 5932 1445 401 7520 9784 896 7094 9016 4736 2162 1968 3828 3075 2624 8484 3758 2710 1405 9639 4051 9408 8745 3226 5305 9785 6942 45 7920 9836 642 9217 1356 7631 5507 888 3554 2046 5184 5335 2402 9168 7521 9540 699 3161 8918 2860 5877 9648 6437 8049 3519 174 3674 6627 752 8589 1427 1047 520 659 8641 6556 7403 3511 8600 3013 1499 3946 1514 8500 2203 9409 1062 8519 6699 6112 6756 385 9561 4041 757 852 2499 2963 214 778 3729 3651 5802 7769 6651 2274 6470 7605 5320 8062
3122 3173 1999 9579 3813 2622 5627 6860 6698 6524 9715 2501 5134 4485 8611 9560 9345 755 6255 6345 377 5138 1960 4407 6999 4166 2919 7558 4700 8920 1025 1398 3257 7530 7982 3595 1664 4777 2222 7120 7689 8165 3177 1177 2299 5592 4461 8376 7344 2983 7594 2108 4855 3680 8817 4678 3081 761 1252 2281 2840 9762 7118 5919 3640 3973 3660 2915 7502 6212 4582 2147 7873 9080 538 1061 3928 8731 5667 1795 6896 86 3068 4403 6953 7322 5555 5757 2473 8723 7428 66 5428 6479 5380 9949 8135 4619 5358 357
4123 6263 839 6656 9070 9599 6909 9085 566 1755 5379 9132 787 5857 197 3132 9890 1868 9644 9691 4979 8012 5540 937 3405 8316 6834 8985 919 5112 6116 2602 9985 3425 5086 7005 9877 5034 7337 4593 2730 682 1827 7217 96 1080 2277 1298 9558 512 626 5195 5803 8053 1814 9973 7887 2999 7439 1571 5412 1370 3755 7983 8652 7701 7506 8390 7461 5561 4667 3981 2805 6840 5772 2330 8137 1797 9545 868 5334 8973 3375 3657 6523 32 7663 3544 2894 2295 4525 3951 7080 9847 8260 5838 1269 5051 1470 5151
26 8717 4224 7885 9822 2648 4223 4795 8592 1939 8042 5271 5302 2940 1886 1625 6122 6952 8405 451 5984 1120 5408 8477 7437 7319 9541 6759 5019 5670 9767 8693 7509 1559 8974 7235 5648 10 7768 4812 2106 4479 942 2722 985 6889 1284 7568 6588 2148 6003 5675 5791 1709 9116 5284 1436 3782 5886 9690 7276 1074 1754 5578 3020 5040 4959 4631 7523 2195 7626 2168 2996 6806 4951 6827 202 9705 9697 4711 205 7166 9731 8574 3324 9875 3944 934 496 9323 2617 4915 9208 2684 818 1940 9060 3055 9832 7354
2866 1133 866 5048 6422 1857 1479 4648 2732 4267 5 9239 5504 2367 832 9367 2777 3686 163 9562 6594 6264 4451 281 9931 6993 9098 3268 1126 5345 6920 6638 4138 7939 1591 5779 6900 7470 7608 4523 1583 4005 883 9393 6017 6987 1708 2854 2115 9673 9279 5423 3626 1248 9879 7751 1063 5427 9437 7826 8823 9719 8096 1643 7109 7210 2074 2224 3890 5558 9874 4244 6989 1639 2548 7326 9108 5585 870 940 2695 2951 5473 788 7958 8148 8394 1596 2583 8891 9920 129 9851 2461 1057 1157 5239 610 3263 258
9829 9490 1831 5995 3976 1964 7496 6758 9739 359 243 3347 2483 6434 9117 1240 6922 8751 5426 1190 5936 323 1752 4891 5102 5444 5913 1825 9214 9516 15 3033 6323 1749 6499 5843 3280 6193 6593 6564 9754 2287 5476 5159 8991 664 7773 9304 372 6559 853 9471 8126 2729 4211 4153 6095 645 201 6771 1272 2735 4544 3737 3767 5365 1261 5530 9216 1081 8327 200 3734 1164 5218 4536 7548 2475 3775 6467 1420 8940 64 7364 5769 696 8013 7513 7101 6613 7211 6429 8672 3904 9565 7193 1897 5236 4231 9306
1547 7195 8570 4919 3439 7532 6600 2437 5633 3589 9183 1317 8888 2851 3510 8364 1683 3780 2716 978 9758 2656 6096 9299 9742 131 9003 4346 7944 384 1652 8765 1768 8468 9915 4719 7044 4487 1041 3871 5118 3070 5231 1205 1360 3040 8181 1574 794 7615 1554 2489 8428 9369 9621 50 3035 1655 8830 2746 6292 7436 858 4243 3999 7517 3423 9075 5940 1175 3181 8458 7827 2818 4890 8270 8508 8414 618 1456 8466 2832 5871 2284 7188 8703 6870 8807 2306 777 3229 1466 4880 2667 1060 5214 5237 7574 5736 6722
2038 1207 3769 408 7942 3321 808 6686 1923 5663 8865 5122 3123 7037 7905 1984 8902 7200 5219 5325 7451 3627 8278 3155 6548 4519 4580 8079 1991 9672 8761 6850 5792 4494 2670 5958 2767 5089 207 519 7061 5907 7429 3060 8310 1314 1267 6163 8158 1970 2704 4093 6725 2601 2680 9302 2546 2754 6139 6075 9539 640 8827 9586 4323 1890 9142 690 4064 6042 3465 6035 8986 80 2532 5456 6897 8694 2651 5132 6068 4193 7675 675 3526 5234 6138 4480 5639 9435 1365 7343 9152 5243 1946 5492 3854 795 2514 3082
3001 1161 2849 4486 9102 9229 3796 4781 7813 8277 6831 6251 9764 1816 1308 4716 1784 6583 1956 7624 1624 4063 7153 8365 5695 9462 1543 3803 6867 9913 4143 8154 4316 7837 375 210 2679 542 2660 9298 8543 2663 9901 5890 1998 6085 7897 1086 9331 3770 1684 6617 6288 8434 2897 9391 7698 7704 8380 1091 9952 8296 1781 3735 2278 3012 4205 288 3246 6039 8488 3146 1249 2989 9752 6599 7169 716 5436 9147 4587 247 5196 5158 8894 4811 2629 6341 1127 6204 4798 236 1250 4885 540 1424 1985 3446 3958 5911
4782 9933 2633 7789 4090 1000 3884 9979 7930 1623 2030 5273 5892 7291 9763 3669 688 329 2588 7159 7549 7705 2444 849 779 7289 2291 8676 6110 137 6349 2105 8144 1426 9694 3536 7107 3269 212 7142 8938 4852 1832 555 3761 8483 8303 5493 8859 6629 9386 2068 1725 4745 733 5215 3925 437 2573 7963 142 8006 1551 7690 1838 5256 2697 1071 9665 8422 2421 9106 1064 4286 3328 4886 9430 4159 8603 4313 3045 7056 6022 7565 3026 3512 6056 8594 8057 6580 9112 3140 6352 2571 136 3344 4078 3792 1986 6216
1545 5859 5885 7485 6975 2655 4638 6990 4354 5058 1759 903 734 1580 1303 3238 1586 7757 2049 4259 8427 5330 327 3916 2689 6258 4216 287 739 4990 6715 1899 382 9625 6134 2422 7097 6778 4242 2309 5413 7236 8671 4120 459 9377 1009 3682 4834 7443 9998 6283 1422 365 2790 7341 7134 1363 4040 5664 2901 7850 2042 8718 7998 1859 9440 5825 9538 7040 4989 6944 1313 7457 2427 5714 7780 9802 6705 9735 8733 7071 300 2110 8707 5324 3655 67 2950 6166 374 5586 4926 9975 8378 1965 7632 2221 4824 9467
1585 3102 4285 3692 5826 1014 4417 1237 7226 1309 7876 5220 4483 1614 2041 3609 9835 4445 2581 8220 6126 6794 7487 9042 9076 5011 9796 6363 8271 2968 8586 5459 6287 5131 9755 7733 5124 8131 6213 7988 6537 2631 3732 5014 2775 6496 8460 7582 3777 2912 4624 5834 125 898 5719 6433 764 1326 6295 6724 6819 8527 3178 99 3095 5067 63 726 4563 283 8017 284 8822 6534 1271 720 9787 5313 2783 8689 5851 3089 8981 7203 4107 1001 8473 3080 488 6347 1808 7163 9692 4516 7700 3069 5604 6917 5247 4971
1843 6168 2997 9010 3995 9463 3603 672 9015 8 5869 7633 5039 1794 6036 9500 5820 7444 5388 4675 4060 2282 1415 1055 3988 4577 4829 8565 8362 9886 4032 8931 7600 553 9433 2227 7888 3983 543 3413 211 908 3376 3281 7227 6856 3522 1182 9846 3862 2275 2763 3272 3506 88 2143 28 3065 831 9932 7849 4422 9717 549 8273 8941 7088 959 6857 4449 8720 8444 3131 1518 1169 7669 928 8467 8317 911 948 2163 8649 5994 2598 3633 8494 9330 5669 5941 5613 8343 4410 5484 6059 3210 3752 223 5660 6762
44 3538 6622 6776 6029 9399 6674 4237 5696 8063 6612 3304 7206 2053 9590 5189 5281 6601 3807 1548 3092 9869 295 6670 8673 469 8433 4906 6946 5818 2492 3283 9520 2531 2144 8796 2452 3292 6294 647 9850 2088 3503 2292 1891 8862 7228 2737 8204 2611 1756 310 6463 7117 95 1215 341 8582 9571 1503 37 2614 2188 6137 7383 9218 307 8799 5497 2001 7678 9113 9172 8683 4230 9268 2844 670 2896 1216 8653 2286 7546 1289 3247 8163 3279 1962 6381 7776 5063 6160 2121 5635 8139 7581 1988 2158 8678 2270
9700 4295 9589 9597 8437 3302 380 6507 3230 4368 5681 1130 9842 6623 9789 8140 2942 7777 3474 557 7498 3383 706 8048 4066 6324 5392 9896 7220 6335 8174 8032 6500 8768 8927 87 6828 7993 648 2867 245 346 9791 7886 7969 476 619 7805 8608 1048 5705 5021 3340 5647 6476 1172 100 1213 7927 3356 7298 418 1697 5462 1802 420 6337 7879 9470 7935 4714 56 1597 9922 9068 2877 5136 7729 183 6780 4605 4043 4851 9100 1826 120 3994 8377 4010 339 4334 1450 1535 9817 6570 531 1724 2319 9002 8493
879 7894 3691 2524 3147 6663 8867 6280 5197 2 2910 8989 6630 4419 7111 4019 3406 3835 8942 1295 845 8037 8200 7293 4058 2137 2702 6185 2734 4180 5599 2358 5457 309 643 3301 7263 5928 2448 2615 1766 1612 1297 8642 8847 4162 7316 83 7462 9417 3708 743 2048 6082 7361 5526 9482 5946 9035 2065 1840 7596 5474 7258 1489 2310 434 4921 8538 3438 9524 4481 1293 6817 5685 986 2988 4226 5865 8191 2974 5478 5263 3618 4693 801 2959 7976 3662 5312 7713 2820 9968 2111 4592 7500 5311 6966 6723 5798
4110 1555 9711 5684 6091 1214 9267 5980 7527 9523 9513 6188 5343 6262 614 9455 7591 5114 7375 6377 6565 2613 825 7739 6490 3875 8709 2241 8502 9512 2146 2308 3839 5339 1082 9253 6949 6804 6888 5188 3785 3855 8584 7567 6471 5522 8719 2200 9255 1219 220 4457 4985 9037 8206 5479 7797 6535 5144 1932 4965 8906 4405 8050 4727 7315 2594 9805 8831 2016 1330 6121 8301 1339 7825 7948 962 8908 7135 457 3209 8046 4464 3024 9682 6973 2502 3791 9072 8635 8691 7643 6738 7313 4321 4957 567 546 8300 4111
7667 3420 6765 3707 5383 7980 2886 3685 4262 3368 4027 3749 5709 235 3678 6690 6702 6461 4546 2230 3205 6640 5440 8511 7055 8198 2112 7717 5348 1462 4600 3044 7388 1123 1644 6602 1892 7447 4452 3880 4534 3649 5192 9135 8208 9474 4387 5849 4895 4920 2447 5905 1044 806 1153 2824 4616 4170 943 3191 4567 3856 8951 1349 8954 2798 6210 7921 4317 1377 8099 1150 8725 5690 1488 5162 9058 7560 7186 8242 841 267 2817 1242 749 6207 721 4182 4552 2787 8843 7050 3639 106 5045 4535 5600 1076 9087 6346
6852 2687 4472 3548 3555 2311 1138 2876 1473 9119 8967 8331 3850 2242 5816 6820 529 6735 8607 1807 30 2863 4970 6248 3484 8299 5485 9012 4135 4817 8098 2831 1114 8697 4816 6624 1907 6916 1045 4789 9623 2384 6359 4875 4356 6455 2073 4106 5176 560 72 3043 3216 4352 9991 2441 5970 5210 9550 5194 6172 9662 36 4912 7926 6904 4588 3046 5823 1260 9143 1144 348 813 3822 1850 9245 3852 1666 1358 282 3432 909 8229 2858 8616 1188 4281 7638 5527 2705 523 7170 4773 1453 3997 9501 6252 2884 775
1236 4028 9990 8896 2692 4739 758 835 2233 1616 7419 9291 6550 3808 9830 6731 8640 865 370 1753 3231 3334 8883 9188 9320 2599 3965 6664 8329 1200 912 1471 2371 1437 8629 7841 4975 7543 5288 5762 5839 5352 2778 2647 876 3389 6170 2406 2682 1444 6837 6482 4171 8893 7802 6200 3580 49 8391 2033 6586 1969 1796 8848 2411 3834 3460 4161 8124 5116 8112 1578 6238 1738 9950 6615 6189 55 7108 3751 8244 6652 6863 5174 6334 3295 5173 9247 438 9848 4663 47 2107 3746 312 9897 215 228 1178 6269
7497 7043 6398 924 1978 1829 9957 178 412 4680 8026 8238 1277 6241 7933 321 3330 8111 5101 3038 2430 2129 5680 3712 297 1689 8601 4056 5072 6701 939 6777 8504 6714 7308 445 7415 1154 1465 6016 7147 5209 7333 9187 3322 9751 1410 1428 6713 901 3993 7728 7102 3912 2843 4751 8791 834 6805 6892 5727 4911 493 8669 9006 3037 3499 790 3827 1101 3352 6391 90 7852 5557 7792 5378 3201 5460 3343 7255 3505 1146 1673 544 2334 479 8773 6498 6874 262 6527 3063 8701 8102 2479 2011 1119 9422 5992
3558 6981 612 9581 8961 98 2688 3475 6929 1004 4249 1782 2389 2428 8844 2276 2039 1844 8936 3743 9371 7458 5356 7855 568 4031 8366 316 2505 2436 989 9418 9780 7093 8741 2118 5287 9675 8753 7152 5056 3298 296 7505 116 754 3547 5893 5216 4175 6102 2454 3441 5937 3445 2312 8161 2549 4177 3378 8321 1925 9924 9660 2774 8095 2694 6727 302 3562 2970 979 7622 1019 4126 4910 6081 396 7959 1319 8289 7657 9934 5778 3386 6576 7597 6316 5081 3570 3647 5914 6781 4756 4964 4160 7027 3337 4391 9290
2259 74 7648 5183 8947 1316 6286 1792 5899 7535 8094 7719 6894 8338 8498 9361 3180 8909 4379 4134 2228 5534 244 5076 7243 918 4528 9813 1246 110 4141 5280 2941 9687 1800 5417 4513 9390 1196 6574 3241 6810 968 6211 5429 1861 685 8371 3585 7913 4553 3184 4831 3449 9529 5749 9747 1220 5386 4455 8824 4857 6026 609 5768 7150 1495 1369 146 9145 5708 8604 3350 2185 5344 949 2476 1430 5619 7785 4492 3694 8442 5403 6655 4000 9557 3237 102 4428 7022 3611 2933 8448 8045 9420 9575 3308 8212 537
1357 8587 7871 7801 7583 3953 5036 1937 3964 1743 4640 6639 9726 8663 4558 4322 3457 6528 2004 1841 9833 6998 7274 2172 3517 1700 4128 1533 308 2344 9706 4690 1102 1661 4657 7311 2980 4087 5827 8332 3189 7883 2771 3483 5376 7423 9895 3690 2194 9986 967 2874 3159 798 7049 890 8976 1911 2952 213 6609 7919 5700 5881 1031 997 6244 4927 8873 6300 598 731 7656 9309 1641 2619 3991 785 6619 1034 4980 5435 7902 8499 1253 6387 6453 6767 7636 867 4327 9456 6925 8475 4147 607 7264 8420 1813 1918
2127 2051 7257 6031 7723 4673 4097 9938 7112 6150 2529 6043 9013 6195 2024 6435 4934 1627 3190 386 6938 3214 9531 8456 3064 2391 9910 126 5641 9741 5240 9718 5434 2458 2256 4371 4527 8228 3607 6306 8082 4414 8313 5765 4053 111 1160 6385 3336 784 3897 7641 1626 9410 7127 6855 5770 6221 3400 8064 2375 5651 2471 1354 3531 8215 4332 8010 4617 7407 8450 4909 2459 1544 1839 2348 4597 35 5146 4196 9276 9385 6135 7790 454 4881 5494 8295 7830 4797 7414 5747 9090 847 966 2363 1304 3992 3896 5629
4984 6666 5400 6562 1022 3502 5153 7514 3100 2109 1982 3579 4117 9563 9584 564 3367 2675 7325 550 6389 2408 4565 8319 8147 8644 5269 8216 1588 4815 5321 5322 6242 271 7820 4575 8963 7694 1979 7936 5156 6154 1441 5722 7023 2482 9493 9314 1049 856 3200 2007 6080 4763 7173 961 1873 1186 229 5264 7346 9885 3870 9582 8688 9812 9321 684 719 6772 1106 2625 1912 8113 9434 3198 7280 6958 2175 4878 3931 7397 1197 192 5665 2316 3114 7405 8298 7770 179 9860 4650 2931 8747 3546 1245 6511 381 9981
2776 4337 9043 425 6605 2741 482 9164 148 187 2978 1996 5677 9716 485 3590 1577 3104 5718 4506 4769 5091 5908 617 4697 4374 2981 4545 3407 7941 6683 8826 5157 1131 8014 75 711 1504 4793 9047 8680 3424 7499 1628 6729 2101 5143 5468 6277 2099 9481 3985 2855 2678 378 2247 1941 5742 8136 6529 6315 9011 7832 4595 952 8821 8275 5391 9900 8153 9157 8421 8159 6542 8005 8597 6709 6899 4314 3705 3892 1804 9738 3962 620 5442 7763 4215 5955 7829 1695 4741 889 2045 1098 1199 1640 4540 6787 261
1346 5368 3135 3514 9150 4659 1142 203 2326 6194 8449 1742 9607 8904 2070 291 8311 6494 2234 3933 3361 5784 4220 427 2882 104 2893 3360 9250 8357 2190 5389 4344 3636 1125 2781 9549 9574 6520 7809 9855 319 8180 3363 6960 326 9127 8764 1812 2139 1135 5962 4542 4560 6768 4708 1266 3227 3186 6608 2603 8074 2258 5349 4433 9773 9292 3091 2120 9528 7201 6303 4124 570 495 8226 4695 9569 1717 4668 6868 3052 8305 2181 1719 8682 3289 9131 2095 8542 7190 4754 5559 4561 6423 7699 1508 239 1258 9854
140 1836 5166 1404 8995 4413 1078 9532 3967 8369 8223 1865 334 8040 8479 2062 7815 2564 5464 3097 7649 5927 8090 4105 2839 2018 6919 9325 6468 7778 8854 9056 7735 6049 8876 748 1549 1556 2913 9024 6859 9358 7187 8562 6394 9496 6409 5496 4550 9570 3716 7183 2439 9947 2114 3025 2765 6853 9476 7367 789 7607 7946 4676 204 2313 1528 5623 8123 2522 7425 1084 6704 6230 6260 9061 6431 6220 2516 2213 2800 5451 1830 9266 5278 6105 536 8080 8489 1050 7952 8256 9765 1757 3394 2290 4952 4328 864 1560
6665 4049 3549 6362 2126 5662 9339 4832 8631 5686 1425 81 9699 8795 4165 3889 7452 9966 8805 6898 3138 7816 8307 814 4468 8698 7999 5998 5646 9698 8666 4260 7602 6912 9903 7357 3929 9382 8318 2487 4770 3924 3481 6721 7911 7895 9225 6616 7889 593 5850 3619 2047 4438 9318 7712 240 4591 6250 9122 957 9405 1028 4340 4247 8349 156 6140 9898 8566 1396 2994 2413 8875 760 3675 3586 7858 8065 2096 797 5763 5411 2225 5678 8399 6842 8143 1438 2961 4837 3348 59 1202 2005 8548 9475 6769 1563 1256
2681 3848 1099 3049 5614 260 65 9278 4372 1520 988 9503 3659 7089 1958 2170 8071 7481 7105 2646 8360 804 3774 3805 6933 4377 7683 2862 894 9841 5027 33 2788 3726 8746 9840 2491 504 9300 3315 7616 175 9051 1823 7575 3863 3306 9858 29 5119 3941 1494 1703 3689 373 9577 2336 2993 1869 264 489 4432 8009 6454 2390 3390 906 4541 6215 3776 6131 9552 3338 9034 3041 61 8871 5121 7771 8281 222 4266 5672 4689 6763 3213 5588 8990 254 7664 8346 4768 2179 5167 9201 7398 4102 3157 7064 5744
925 6648 7385 6791 9129 8620 6343 7964 7637 7750 3795 8661 4271 5224 4671 5560 9133 7526 4551 4429 2559 7119 2052 2766 9744 2696 6513 6755 661 7260 6179 6982 7352 1610 9766 7036 1413 1920 9252 2332 8221 5777 122 4142 5004 3699 6879 7765 7676 7654 4997 1745 3316 5187 7395 1609 7355 9388 5222 6826 3103 6413 8758 4813 8044 2289 171 8059 6064 11 6974 3066 998 3567 8687 5074 2385 9730 7328 8630 4864 5910 5438 5095 3143 5854 9867 6072 306 826 3225 4454 6536 2807 4359 1338 8674 7851 9179 5529
515 4521 4897 8591 1409 160 3137 1927 452 5917 7029 6451 1811 4197 5616 1615 2759 5200 9415 9464 4860 1517 4240 3448 478 8512 5211 5467 5500 8609 6257 6426 6229 3015 7861 2834 4787 5049 6620 8540 9972 3217 7566 3105 6689 68 5223 7249 7041 6861 2328 3106 4747 7059 6604 7625 6538 9198 2872 8972 9130 4874 5979 9712 7896 4960 5781 8486 6937 8351 6019 3017 8978 8899 4360 9864 8492 4202 8523 9940 9948 602 7371 3920 2700 2554 9888 7456 4234 7617 8008 9115 6682 7215 3869 507 6761 7269 5909 2809
5988 5382 8236 8841 7099 2260 4478 8382 3837 4185 6662 4206 5817 1810 5087 4876 7239 1440 5299 6983 1147 2152 8218 7066 7630 1847 7610 4703 2207 5702 902 6265 3121 7880 7386 923 9806 6927 9953 317 224 4666 7612 4623 5931 8789 563 4723 1902 7893 4803 1735 8249 9479 8419 2174 1011 7474 632 4760 8373 8141 9272 3048 2159 6963 2064 2238 9203 7157 4830 4800 8031 7709 2252 6741 2072 6486 7507 6008 7418 2055 9052 5148 1550 5396 2551 9870 6977 2928 1793 3373 9962 8528 859 1975 1934 4263 8624 2905
3521 1367 9671 6884 124 6732 5801 9031 8091 2628 231 8534 9961 6399 9313 9137 8490 492 5565 7285 2534 8072 2966 5109 8356 6201 7634 6893 1516 7032 487 3254 7718 8546 9871 5964 871 5190 7214 2814 2918 9177 3668 9989 1687 4014 4245 2087 5298 5501 4784 6913 6955 1608 5760 6830 2922 4310 3265 6587 3599 9783 7798 2616 2050 6611 9411 793 8960 2917 4720 4562 4681 3584 3907 4656 9248 1158 3187 6169 5601 3846 5025 6976 2205 4517 1922 4672 511 5754 8573 9522 8350 7843 763 8537 5227 6256 9797 1244
1454 9595 9598 448 4261 3491 3277 9348 1143 6603 9713 3817 1156 2550 7132 2142 1707 6779 6847 8828 9489 547 7165 2356 8172 3969 1987 4257 9426 7039 8705 7427 8121 3858 5402 4796 6101 9110 4649 2409 5261 2031 4232 9365 2382 5465 7901 5734 9044 7831 3654 4008 7606 9945 7194 7475 7090 8596 6450 7356 2740 6488 1324 6947 4465 2043 139 3487 920 767 6313 9670 8668 8948 5896 8858 8187 2825 3119 914 4055 364 3903 7590 7762 4057 9883 2420 3000 4879 6878 4916 653 4633 2545 7994 8810 4510 3072 9865
5842 2209 2453 4112 7824 118 722 3679 9527 5683 6667 6844 7580 5977 4435 4557 634 2769 7140 9939 8219 7703 7074 7529 2399 3826 7125 6149 119 7334 2801 5883 2903 1646 1866 4802 1582 6970 3927 7707 7552 7019 6502 9097 3421 2493 6320 4953 5961 2797 3757 8069 497 9158 4363 3273 1035 6001 7010 6397 5150 5510 4184 8737 7586 799 8283 8259 7646 2650 3387 5099 6733 8646 9036 4362 5149 9737 636 1764 9392 9141 8441 1189 8447 2462 7950 9055 7048 2338 304 9628 34 4626 5405 4871 5566 3101 1702 2977
6281 164 5755 1170 8956 1103 6658 9937 2976 1765 1872 4526 7309 1737 4201 9138 7446 2885 2478 1669 8496 2061 2414 4712 7204 5533 3695 92 8088 3384 130 5390 1553 3495 6386 6054 8658 413 7185 8381 817 1179 3763 3056 3393 8193 1935 2331 2574 8797 5251 4973 5563 819 9460 3882 2243 4635 703 491 7369 3365 8958 4370 7787 3801 4430 1208 7598 9326 1341 7991 1043 9518 1376 1534 7136 5213 4825 4411 8623 8787 1895 6004 3787 383 3738 1710 5498 7299 1943 186 9632 1670 6125 3463 2856 2752 1581 6659
3528 3099 8767 7223 3188 3593 807 1329 5800 5414 1690 2361 709 1617 1288 5374 1458 9429 5296 9666 1909 1942 5355 180 2138 6407 5178 371 4460 4342 2606 7393 8173 471 1592 9441 2982 9750 8739 7413 6914 8905 6254 9807 4380 1375 474 3107 3747 6325 6312 154 4707 1140 8628 6106 7708 9104 328 2086 6104 6521 2470 3208 907 7358 3007 5023 2285 9918 2173 172 8686 7081 8243 6553 9684 4978 1321 2768 2246 4383 1783 999 7697 5594 3893 3240 9407 639 8337 628 5812 2280 7576 5938 1251 1348 4778 944
3681 6657 8251 305 9428 2642 6411 8788 3778 9469 8750 5595 8232 3615 9236 5406 1529 272 135 5809 1682 2677 9778 4030 1241 8711 3768 9022 1279 259 2025 7267 4499 7808 6807 8808 2589 2902 6365 8748 1042 8829 8716 9542 4887 2558 5618 9554 9849 8553 2632 1235 4400 4488 7324 4059 1837 3276 7746 3430 8754 7304 1951 4021 7282 7095 8714 9656 973 2456 3963 8866 5290 623 3577 8402 2560 965 1165 6395 7477 3756 9525 8081 5381 8935 1778 6098 411 335 3923 8514 1334 4569 581 5422 3578 9696 4949 266
9312 7870 3489 8133 2792 8619 1769 5161 3836 2507 8287 1561 9337 6375 2300 3014 6393 9472 1342 8572 3790 2965 3886 5847 7640 1414 218 1217 3109 5407 43 8633 7592 8937 7601 3515 5867 7330 7834 3998 3142 2226 273 7819 4176 586 4115 8576 689 9984 8304 7726 9026 8410 4504 5372 7833 3485 691 3851 8721 1926 7563 6086 4809 7042 532 1347 6225 3516 4962 4932 7559 9251 1885 9310 7595 1774 3940 9894 6298 8567 2010 1481 8667 5515 4406 9215 4251 5532 3610 4794 1325 2370 7961 7000 8835 2211 646 9916
5258 9301 6427 8946 9140 4044 9658 9373 5542 5771 4847 8729 7923 5852 9327 2808 3504 559 9287 6089 152 9930 2219 9650 2570 4446 1391 6232 3165 4307 1876 7859 1928 7232 2218 7362 3084 1846 3129 7171 8234 6436 6516 3467 8424 4810 7072 6076 5731 9200 8708 7292 4236 712 1994 6540 692 3744 8800 3194 1863 2015 8648 7922 7234 3532 7764 1600 9951 2469 782 4658 2597 8637 53 7084 41 3906 2351 8834 6044 5274 7408 9457 3658 7433 1421 7240 4068 5319 9402 3891 1183 3663 8152 1286 8344 3494 2013 9315
2641 1320 4375 4073 6890 6145 4884 1368 2395 5342 1312 7340 4715 2080 7845 1387 9389 3894 7914 4149 8196 6821 9749 5606 9685 4532 7674 4742 622 5172 8455 4408 595 8957 824 6351 6308 5424 5541 2012 3541 3019 7244 7839 850 432 9564 4660 8583 2527 6931 740 3255 7671 3922 8803 6797 8016 8505 3061 2515 4401 7696 954 3719 3244 7924 3878 3911 456 1209 2337 9526 1311 5658 9567 4981 7741 8634 1174 8367 7538 9480 5904 5275 325 1411 7822 3291 4412 4988 2202 2000 4442 8267 4235 5199 5828 8551 4699
1475 9033 107 5202 8988 805 5186 4724 1718 6290 6644 6573 8712 9262 4255 3488 9210 9280 4956 6092 1051 9831 4883 1112 4735 2135 2357 2035 3253 3741 7784 3823 2937 5229 2542 8354 3550 8028 5065 1677 2197 2541 4382 8590 6752 6474 8806 9568 4339 693 4758 3602 6253 303 79 9414 2984 6332 9790 8408 3128 9289 7353 6751 8453 9592 8520 499 9514 1443 8018 4665 7972 4385 7306 5895 2850 3470 3236 6158 2654 9394 9364 2836 8264 4125 1981 7128 1692 6143 8225 5918 1631 7910 1255 404 5177 3588 9202 9254
9987 1380 217 165 1006 8933 5957 2672 9057 4972 269 7225 7045 5098 4514 6055 8269 6869 1741 2123 6132 2429 589 8068 7867 1096 8401 8320 40 6577 8786 367 9928 9676 7881 8209 227 673 9746 8811 7691 8023 674 3581 3638 3219 6073 78 3810 2607 7058 7572 747 8055 1512 4746 846 7585 9246 1767 8515 8980 5993 7931 6691 6924 6546 929 7421 5079 4431 5415 5607 2488 9049 7588 8914 7350 6061 6326 3353 1688 3458 349 4099 6100 8004 8149 2544 7745 1579 6785 1568 2811 9786 8189 6961 7008 5053 6305
7740 2609 449 7279 4471 8266 9878 8252 4200 7962 9680 4856 4775 524 3943 3151 7619 10000 975 5354 1379 3329 7491 193 4104 241 8302 5866 6354 5923 6289 5110 1003 9149 1821 7103 3656 2206 409 9204 105 2495 3195 9212 3275 7732 1594 629 9243 3677 5482 1118 8127 4001 5217 5546 6198 3947 9446 4011 573 3332 2946 5945 7906 6361 8001 3653 4164 4169 5617 6180 3031 4039 8443 2828 6642 7073 4025 2239 1166 2753 4893 6197 7644 8245 6480 9305 9468 5260 5080 1305 8060 2301 3145 8070 1881 5711 2216 6679
9120 4581 407 862 7246 345 8184 1595 9007 3829 5212 2236 7116 3450 5796 1569 7899 2017 8445 9094 4020 2585 9459 8406 7810 1540 5785 1283 576 93 9960 4899 2407 3977 8041 5020 4074 5511 4615 7603 630 3426 3422 6854 3003 3773 8659 4583 7106 4661 4490 4838 9082 5395 331 9448 8480 936 6824 2443 7584 481 5668 9519 6571 3211 1716 3270 7900 9663 1077 823 2288 1187 4892 6634 3444 3318 9760 9837 2701 9799 1525 2116 1089 1772 190 4946 2842 6270 8578 9017 8019 1787 3806 6951 8033 884 4075 9346
9264 4942 1506 2991 2103 5193 5410 4037 9114 1472 9213 638 1877 956 8539 4003 880 9427 8681 1163 9438 4188 6442 9971 3282 4620 4214 7273 3754 8651 6371 5097 9362 5328 3860 2374 4065 9384 7918 6477 1432 8544 8561 6645 1558 840 5277 8533 728 3083 1497 7287 5580 1761 655 9466 993 3883 9396 5735 9238 4958 2526 4219 765 169 5537 4610 1864 8880 701 9048 3076 9354 2568 108 5590 5863 494 4341 9827 415 3533 3310 8474 4943 3784 5554 7327 4033 286 4888 1439 3215 8342 1121 6694 9209 7177 4072
8944 7256 3902 3816 5329 8101 2372 635 2916 7139 7180 5455 9667 376 3296 195 1696 6903 737 9256 9771 4865 7551 2212 8114 5318 7259 4026 8780 4900 2398 5924 4827 391 94 2979 441 447 6094 915 5499 6631 7573 3493 1613 4543 1507 7098 676 8162 3569 9230 6873 7554 4501 4653 8569 2662 4779 6065 2600 6625 7908 1294 6441 6259 1658 2153 2945 3527 3634 8518 24 2618 530 4038 6178 3717 7892 9269 9128 5551 4017 3764 1513 3753 1698 9861 7846 7587 6444 7970 5276 857 4436 1151 4686 3847 2521 3008
7345 8118 2079 881 8585 5066 686 5293 2990 9484 6875 2837 2525 7253 3278 9619 1852 1093 4905 5824 7086 5656 5687 2748 1889 5703 238 8509 2795 8979 6272 3709 723 9485 2019 8464 8179 3630 7821 8083 5250 1822 6077 1075 3118 2342 1679 6209 2796 7589 8852 9178 5364 5301 3635 762 433 3009 5022 8547 9425 4918 9260 6697 2508 1900 7516 5632 5397 8157 4853 6245 9136 6247 5978 6424 3435 8115 9078 5439 7979 562 3874 7503 4614 3740 5127 8372 9317 950 7068 3564 7404 7331 5002 7599 6812 6487 5447 7442
7266 1572 1915 8777 6851 9536 1949 838 3604 1018 2799 7181 1575 8183 1809 4814 995 8860 2757 4144 4846 2014 2956 8684 2261 1498 5797 7772 9983 7518 6118 8851 5773 5346 9383 3771 2960 4774 2720 9054 91 7621 4069 2773 509 4752 9207 8738 7149 145 996 9473 5787 7216 5593 3388 8660 561 4788 3398 4203 5679 4502 7278 7682 4113 505 8541 7501 6994 2846 827 7775 7928 5000 1557 7460 9891 6328 1480 5432 109 4101 2569 6880 6237 1989 7104 7391 5552 5404 4158 8763 8396 3957 1270 8387 9366 6833 5267
5283 360 6416 3731 1903 7955 1054 4776 6417 565 7434 2387 7014 3713 8524 5880 5488 1315 5624 9978 7007 6978 6311 5901 4866 1662 5010 1501 7392 1727 9553 6419 1566 8794 5939 4381 8497 3110 9270 6048 8230 7006 6809 4821 1372 8887 4300 5469 1463 361 5226 7469 2750 285 7162 2879 7891 6991 4355 3086 1417 5489 6002 431 4086 314 5691 8355 5845 342 974 8614 8117 2431 9237 4192 8790 6811 9693 7984 2929 3192 4967 9124 5808 9020 5294 1116 8928 2315 2869 2240 1680 3804 861 7368 6376 7455 6177 2504
5550 4353 2102 2176 7063 8836 5047 9185 6895 461 9745 8290 2657 2841 5207 8921 9605 8885 3125 6668 8966 9423 526 7377 6446 6568 2302 6152 8294 7754 4518 8654 9911 2870 7248 3876 9397 4868 4531 5889 9853 3010 4423 4870 2494 1790 4836 5012 8517 1185 277 21 2693 2577 4173 8393 9275 5874 1013 6192 8087 4233 2145 3098 460 7522 4222 5811 3408 3926 4304 2026 6750 8107 2184 2149 398 7903 1224 964 7420 6789 3395 470 6339 191 6014 4133 6816 6669 5612 7082 5253 8964 1366 6199 8536 3402 5270 246
3575 8282 7932 147 3326 1433 73 2156 5666 9322 7339 4009 5661 6592 9118 2464 1030 8579 7281 8559 5981 796 7011 6801 9274 2923 3642 8293 6400 8812 5701 9297 4306 6626 8846 8015 8323 8892 1487 1521 424 9668 5807 8078 2658 9714 9333 8740 7693 8647 3486 7960 6063 4704 874 5333 3529 1386 3872 9176 8699 2189 1107 3788 9096 1056 23 6680 2057 1173 1834 8969 232 9349 3158 2237 6274 1446 3288 745 7666 9643 6525 6757 1037 6156 5841 4225 554 4373 4474 6111 2192 6866 5649 5912 7208 1263 17 3232
872 4096 4495 8168 588 7806 1307 8626 3170 2081 7261 3286 4882 5574 7940 1340 5868 7511 8913 8939 5486 3811 6380 9925 9647 4129 483 6176 1634 51 1699 2037 3023 5418 6877 8895 4594 7774 2848 633 417 7242 3327 3466 606 9281 2327 4294 4908 4482 4108 4646 2029 652 8568 9355 1431 6566 6412 4818 8451 8182 2803 1110 5882 7611 3 7378 4655 9241 6020 8268 1069 3766 2742 5581 2794 3042 4318 5384 7332 5761 9458 994 5028 8326 1914 6934 2900 9342 2368 6301 4091 1291 369 1033 6318 3703 2690 7300
5445 5509 2021 2362 3261 1860 2665 8092 5353 6006 4826 9825 2433 3601 4002 1657 1997 406 301 1094 5967 860 6013 9722 7974 6846 8000 5676 5920 7811 253 8618 9629 2093 9447 8077 1024 1636 3676 1611 5531 5873 9795 958 545 5942 2830 8084 1855 2373 8431 9993 8361 6115 9967 1402 7294 1602 4277 8169 1656 3842 2712 851 7348 289 2535 9406 9679 5282 3624 6317 2666 4628 4651 7857 1100 7561 8039 6038 3952 4901 6567 9823 2995 3339 3877 1817 5289 1527 9487 9360 5654 3970 5351 7196 895 9412 9206 7539
5130 7875 5519 8400 9583 3552 5070 7394 8374 3864 8987 1429 8246 7482 8522 9669 4608 8417 1306 3429 8598 8605 6845 5591 7233 3700 2586 3975 8240 2782 6783 905 9995 4439 6649 2069 4252 5810 4109 8762 7547 2815 5717 7122 1589 6907 9045 4275 2423 7525 9283 149 2804 2193 3954 2044 7347 6182 6530 5206 5621 8446 6159 3711 2537 4549 8625 1645 8710 7179 8368 5815 1226 1105 3264 5052 1820 5055 773 486 2187 6972 9642 257 3018 6023 3945 3374 3149 9497 3126 1460 7483 9770 8510 9335 7241 3930 4625 3067
2973 2442 3127 3873 8255 6506 4399 8454 2484 8199 4596 513 2359 3918 8233 6120 9424 4145 9707 5433 2934 2859 5543 574 8103 5536 1292 9443 7314 3204 6117 6297 5286 5327 430 1204 8977 1562 4850 5751 8774 9004 2518 9416 366 904 2572 644 2161 7067 7882 1723 5999 665 4590 390 5491 8412 1603 3942 7515 9041 4308 3417 9768 263 6635 8882 5602 3698 1510 8309 6310 31 4079 1257 194 352 3371 6465 6037 6696 2890 7016 3596 9551 4425 4732 1275 5671 3385 972 8279 5398 8742 4573 2199 6062 7679 2265
7155 3377 8556 8999 5430 4733 5879 2898 6083 6336 5175 4974 3078 6276 270 5730 786 2634 3359 9701 3605 4100 759 5059 2098 2664 2971 1736 8436 3285 1924 6191 3563 6350 8535 2736 8120 5720 2500 8775 8945 9674 4207 516 718 9965 6153 9296 4095 4190 4674 3631 7438 9160 7296 2791 8903 1434 1228 9091 9641 1705 9821 9645 2914 5113 7557 9774 9375 694 5242 9273 2440 1083 5789 2254 4035 4172 1129 3472 7360 6871 4397 3750 6703 6047 521 8430 8021 3059 2847 4683 2513 608 8506 6331 1693 4579 1392 8129
8825 4195 5584 2639 1416 8389 9887 8210 9387 4441 2676 9242 7100 1966 9378 7828 9944 662 6217 4178 9084 4706 3819 6369 9630 5553 3728 2365 6243 1905 1674 4925 3937 4685 4004 5248 5732 4130 4869 3844 4168 1451 4765 4937 2881 395 5470 1648 4167 4941 1665 4146 594 4743 3011 6356 5878 3879 1095 927 3948 5241 3051 7653 2347 7937 3724 9710 5129 2122 1947 6103 8798 3984 2496 2643 458 4103 5638 9063 5064 1070 6309 2823 4842 611 534 5262 5759 6439 5350 9379 891 5377 9942 5244 2028 9703 5385 3202
3539 7627 992 2636 6584 1803 6864 8869 7349 4687 9818 5750 7468 3197 4364 6005 9587 6162 298 3239 900 4212 8002 2006 4116 698 5716 2907 833 1649 6782 3814 8994 2691 5741 8850 5090 8403 8613 2204 4398 7047 9814 1854 5900 3380 2888 3034 1469 3800 714 2131 3895 3818 8348 2191 527 7262 8352 669 4221 3509 3319 9964 5856 4062 4654 7953 1145 4208 4447 9657 7126 6736 6406 2378 3293 8692 6327 8325 4903 2645 1747 6997 4783 1819 4046 8554 8472 9123 955 6822 3459 2652 8073 5518 5764 2927 379 7012
3362 363 3148 1933 6097 1650 6706 2580 875 3401 4437 5285 9515 9494 3427 1005 358 9249 6030 8029 522 1195 6700 3418 5043 2829 9927 7026 9893 6372 3672 9223 6443 7144 5861 7564 2865 2770 3849 5292 7672 9794 7848 2335 8784 8076 6151 8253 5953 725 9403 1232 3305 5316 501 2565 8213 4750 1117 1299 3966 5170 20 4278 1620 4729 2369 6364 5570 7504 750 426 5249 1401 3887 27 1447 9436 5471 5969 7749 7158 6445 6266 3559 1779 347 3566 886 5259 3479 4578 6010 5005 9908 704 8889 6357 6928 1282
5016 4609 3687 2160 6438 7338 5567 8643 9761 5692 9689 2724 700 8861 7209 2604 3174 9352 5840 8397 2341 3134 5291 590 616 6012 7406 2229 5160 5960 7577 9368 4935 2530 8052 7342 1567 2575 6045 9151 5862 5441 2386 945 6685 2962 8842 976 250 4024 1134 2686 7031 3006 1712 5738 1418 5520 9996 3968 3436 351 7528 2620 6136 77 4127 4801 7449 9601 9319 2875 7847 5902 3950 5013 4119 8257 3859 1492 472 6673 9009 863 1403 9093 2360 8580 6618 3136 9721 4389 7254 2536 8292 1046 3671 1629 4335 4639
3454 3182 4094 8235 6314 9919 4155 1397 1887 2009 6813 5035 8330 3530 9664 1234 8211 981 9815 132 114 2517 4279 7620 2076 774 2708 9381 4246 8011 2698 8007 255 9857 7133 1085 7297 710 422 8752 7688 1541 7199 3576 6579 6773 1113 9804 9618 1954 8335 8549 2063 7687 1789 9083 3341 8900 5108 800 3166 1713 2298 7440 9492 5185 2873 6130 3442 7222 9609 9101 7814 3053 3207 1775 1239 792 6329 2764 7812 2322 4998 5038 2092 4163 7191 7051 7555 3498 7092 206 1519 8164 8280 1124 1394 899 4954 1791
6109 7198 8881 8996 6632 7148 3739 5304 5950 3303 4858 9000 1663 3242 344 4459 9504 1059 8555 687 1944 6902 2610 8471 980 7677 6957 6224 324 7760 2891 9336 3986 3073 6708 2486 8207 8855 5452 7782 6058 8530 6661 3451 820 2924 1908 1957 5689 7989 8461 9826 7078 6218 2947 5042 2377 2709 6815 453 1630 5947 1740 5297 5989 5018 9688 1974 4082 7247 4930 6235 5564 656 3934 6872 6745 113 4507 1066 6747 4564 9646 162 9413 4740 5443 5636 274 768 4780 4067 8185 5640 878 112 1223 4996 6090 8943
3492 2717 9329 2926 1268 4156 4677 7219 4186 4599 9946 9992 802 5872 1618 2605 3431 1668 6754 8385 2054 9884 4299 3573 3534 2711 2155 5030 2813 6510 9431 2324 4995 2738 2008 8375 2987 5576 8759 9356 8150 3397 4848 9018 8315 8581 7141 2177 4081 6940 3357 9800 7365 4607 9284 8953 403 5265 8156 6129 5694 848 503 134 133 5698 198 6926 3396 2314 7156 1762 5987 3120 4152 6881 2880 3382 1227 4199 4273 5643 7524 6718 3696 3616 4994 2861 6910 4913 4396 280 6885 4684 5373 1350 7151 4351 9334 1862
7550 4618 9941 8730 4718 5106 9852 7541 1771 6382 443 5628 8241 7987 7323 299 5948 2938 9452 4347 9380 9353 7823 8274 3490 1870 1254 4444 1573 1734 8432 8190 5105 9095 5164 3989 6945 4330 2806 2349 7945 1936 5477 6478 3959 7510 3391 6113 6589 9205 3057 9258 6296 9958 7766 5266 4415 3345 2380 4791 9602 9030 6939 5596 9935 8286 3793 1675 3866 1671 2726 2772 5115 9163 5233 7533 3193 1590 3830 5710 5729 8440 2208 6157 6862 7613 1225 4303 8392 226 8776 1607 1484 3399 4955 7172 3323 4744 5951 4367
3587 4179 4151 2393 5163 9079 4276 5416 3718 3476 5844 2383 1654 6057 3565 7013 4264 4349 9261 5306 7915 9909 3222 5360 150 2091 7303 7877 5855 6646 1916 4282 2868 6402 5309 4786 821 4500 7329 4548 2576 2485 69 7270 8863 3919 9498 2446 9880 6543 5084 330 9444 9059 3644 2943 8602 6676 2425 1039 1203 9189 9757 8075 812 2056 6749 6338 1948 8339 6802 6119 2307 7251 3501 3648 8665 7929 2267 3786 8916 4489 9585 1818 1955 4664 7840 4968 6561 9728 6291 1264 4421 199 6456 2303 781 2706 657 1977
1247 4722 4669 6028 2388 4305 4333 9982 2141 9638 9613 7878 2178 7472 3251 2244 9092 8056 5713 1136 2167 7268 5603 248 428 6796 9740 3688 8907 7087 971 9914 6876 660 5483 5547 7783 5421 292 9976 7411 4554 6066 8779 6930 9221 3314 5169 8035 1385 2547 8898 4253 3372 4213 9974 5985 1210 7123 4006 3572 6164 9126 5495 8713 1087 8575 8879 1159 3592 8138 4898 1748 4547 7 3154 1835 6544 5198 6011 772 7091 744 6964 7973 5245 9572 1598 9556 5370 6233 8571 9197 4679 5835 3294 8097 6563 9025 1176
9580 6956 8925 9483 435 5024 9196 4572 4738 6799 1576 6887 8934 6621 4568 1931 3453 3518 8849 5463 5180 4928 4748 8411 4963 2136 6415 8495 1884 278 9969 8415 6832 4538 2253 6784 3032 6033 3290 4755 983 7366 9844 1092 8201 8645 4862 4539 1104 5935 8727 2474 4613 3673 9173 8857 123 5083 3156 4873 2023 8395 8513 8839 1171 9074 5205 5983 1278 1744 641 6742 5739 4632 6628 9259 9733 3349 1496 916 658 7985 9370 1715 7024 9211 3224 1904 9876 1906 2744 7628 4309 2845 8930 4662 3543 3583 4181 3311
9709 2467 6980 6838 8386 8272 5715 7890 2271 1930 6660 7668 6695 9341 7659 844 4730 7868 591 1701 6271 1373 8265 7639 4950 2059 115 2438 6492 4114 2235 4384 2630 6171 7838 6147 7971 9759 5832 7957 8170 8224 4515 5575 4586 4453 651 9077 1730 7818 155 7965 6340 2731 7448 4290 4089 5821 753 4448 9231 8254 1 2067 4762 8949 3028 4083 5135 4694 1972 233 5930 2864 1871 2703 8833 7635 697 5323 9882 2128 2305 9578 1786 2113 4576 2217 4463 7495 1310 7473 8722 5723 8418 6124 1953 9555 2822 8128
5583 9240 3317 2592 1660 5968 9277 3412 842 6392 8864 3443 2954 8178 161 6161 2623 1760 3364 2538 7661 2262 8370 7069 4840 3612 6554 8874 4772 6795 8818 5864 9936 7229 1880 970 3939 4725 9233 1706 885 8521 6581 1714 2379 5704 7864 2975 631 7389 5625 7863 5367 6882 1068 2472 3885 6473 5523 2992 9442 683 7665 1058 6330 1726 5746 5093 25 5659 4392 1587 5142 151 7807 62 9307 8726 680 89 1336 5707 8363 1371 5201 1606 1464 5644 9295 2040 8878 6770 8047 2512 5788 8186 8340 7376 1526 3021
829 6396 7221 6693 6021 3748 7430 9535 8922 1352 5238 6472 1848 7488 7359 5003 1637 4571 6610 8167 3561 5246 3071 4296 6672 5975 2780 7947 416 2034 6285 6843 6728 4991 7079 2251 3171 1490 6985 58 8919 9816 751 5556 3545 528 7207 1191 167 3404 7618 4894 5137 2621 3351 6144 5437 5363 1858 6814 4808 2887 8027 809 1515 5359 2083 9027 783 13 580 3868 4292 6808 9776 4601 6462 1853 9659 4450 9285 3625 5926 9963 6279 5203 5743 5745 5503 7212 8291 2405 3312 8194 2089 4291 9819 3697 3287 8884
8359 8104 8487 1605 4390 4189 2911 5724 2264 3670 5154 8915 4520 9105 279 5466 4555 8959 7724 3901 5326 5078 7494 5794 5505 8134 7083 2381 9708 6597 3004 3982 2718 3260 6307 5204 3641 7553 188 5545 7706 6836 6517 5626 2955 7480 1132 5752 2635 8557 4749 5954 6598 6239 8409 5307 7710 4467 414 5737 2661 624 843 7380 3088 3108 1010 1593 7310 7722 6099 1021 4922 5393 621 9652 6069 5837 1878 5375 8924 2751 2784 4084 6183 4845 2669 6368 8664 6050 6829 1539 8030 9793 6519 9727 7662 5870 1815 7660
6231 7642 1500 5573 3307 8250 8856 5966 2985 938 1381 5017 2231 3715 4709 9224 8145 5637 4250 6790 8470 7110 3478 2638 8816 9050 5152 5155 5539 6485 5888 6841 2320 1691 1181 6459 3508 2125 2964 4241 82 1681 353 2637 7387 3243 9521 6186 4705 1659 8384 5257 463 2593 7571 4522 8239 4806 6739 4476 8632 9395 7716 2939 9159 742 8950 9069 8877 791 8910 6430 6503 4098 9509 6493 1945 9615 3683 8736 5179 933 921 4209 3094 9486 4643 5347 153 388 2755 9591 9544 4274 2355 4269 1029 5775 1913 8926
5071 2248 9510 8383 6967 855 9834 4914 2932 8160 2653 8968 8237 4622 2789 7301 6208 9244 6223 1910 9226 3047 9695 7534 7284 6522 4343 5502 7471 2457 8955 4511 4647 969 8258 7949 508 1685 2434 7363 7400 2171 9086 6607 4272 8901 2455 8983 8532 6654 5506 1921 7370 1020 6848 7794 8952 1323 3815 4929 9166 9994 7748 2294 2747 2904 892 230 6114 6379 275 8100 3781 3614 3164 5814 5767 6835 9162 9311 5758 5009 2036 4258 2130 7756 3218 3762 3176 7907 717 9161 8911 5103 678 4409 2223 3568 5425 6370
3313 5572 475 1983 9704 6475 2435 3093 7178 1704 2779 8840 2762 181 4737 4701 3500 9169 7767 3256 2587 6410 3949 4061 9265 5748 6078 738 3162 3905 8525 5657 85 1406 7034 3608 6504 541 4088 173 2758 4792 6268 8491 2480 8982 387 265 3646 5712 9655 1243 4287 465 1067 4867 3299 5579 4404 5409 2296 9753 8285 2400 9635 766 8929 9064 4841 2584 5673 1622 2925 3574 6070 7860 7853 4823 9449 4505 3172 7736 5490 5894 1364 815 7017 1331 5054 6532 1016 9614 8262 8429 8656 5100 4923 5062 7904 6148
7725 2998 405 1355 8345 2376 6743 5740 8970 4054 4022 6146 8563 3961 3637 8819 4924 9678 8197 3130 6018 3861 1198 419 2075 4204 322 6219 7077 4122 7295 3606 9146 7788 3704 3267 5562 2497 159 917 5982 2889 6818 4416 4301 1383 7737 4229 2539 2761 8993 8503 440 9620 5549 2058 6688 4376 7238 9014 4325 7062 6141 1233 4191 7115 3591 442 6678 6421 577 4999 8379 1353 455 4434 5046 7131 510 6261 225 9732 7450 8388 1222 3452 7161 7318 2445 1604 8749 4976 9788 6060 355 5446 4833 4136 2468 8043
3274 6000 5332 3553 8507 2659 3974 1079 5232 8036 2419 8116 2321 5949 771 6302 5897 421 3369 1917 9863 6596 9499 5728 8832 2084 1750 2920 4497 4140 3560 3898 5472 5168 9461 6390 9155 2119 2745 3812 1332 1898 2561 2719 6304 2002 5630 354 5610 5221 4018 5147 4388 7508 8599 514 1026 7277 3571 4174 6932 2953 400 7384 9450 2090 8760 2354 7479 7686 4118 7609 7743 7424 5514 9001 4470 7570 3002 2683 9828 1122 7734 9071 6585 3759 7464 7396 3233 1874 6734 1362 6572 5756 7727 7793 7655 5598 8595 3415
6886 4456 6716 3915 7966 4767 6552 1505 4907 6505 7379 8588 2151 5060 60 7614 2416 9917 2685 7335 9811 5650 3455 7164 6653 7060 1798 5300 7065 4644 6569 2180 3597 1776 8061 6383 1950 6452 7531 7113 6353 5508 490 9502 1442 7402 1992 166 3480 4585 3551 6174 6969 3169 649 5780 3116 6533 7578 7489 5790 7218 5165 3845 7454 4331 4877 9902 1619 5419 157 2027 6737 3935 2133 2060 9199 8020 8066 4612 1799 2556 9977 3062 7490 9543 2967 1073 8425 4228 2567 4366 9720 7124 4766 3666 4790 9021 19 3196
7213 5449 2957 1678 7114 6744 7874 6996 1115 2198 4150 7652 2725 3411 3153 7176 251 7866 6282 7977 242 2490 8439 8109 2343 3235 5804 2003 4137 3701 9593 4440 3090 5706 3416 1990 5965 9121 7995 8886 3016 8802 3355 953 1027 3077 7854 6448 913 7795 1919 6936 7492 2579 7205 3259 2418 600 5096 7465 9062 3664 6449 350 9359 5061 1327 836 8545 6024 6249 9843 9872 8743 533 8593 1531 8146 4508 930 1532 1720 2201 1788 615 6226 5544 7540 7673 3820 7453 7996 7057 7373 9332 8205 429 8465 6986 3794
9573 9769 9350 887 402 2715 8962 1390 7842 2595 9603 3910 1672 7484 5952 4872 7432 6460 6719 4629 2325 473 5145 6906 8231 9089 1828 9624 5369 127 4154 4936 9167 6921 4987 4993 2364 3736 8612 9517 8965 4050 8217 9999 8675 2182 3331 336 2723 2506 9174 8677 4992 2463 2626 8621 1845 3248 1638 3760 6420 7288 7445 1221 9170 1523 2909 724 9286 1111 7836 5884 3598 8853 5925 7230 5026 830 1149 8868 1017 1238 294 6555 2401 4052 4570 4713 729 5891 2071 1686 9351 7493 7884 6 1128 1467 7753 9892
3955 9023 338 4477 2582 5341 6088 6342 9 8151 3030 7001 2481 3693 2908 6793 8564 6575 4759 6074 5682 8024 6032 3833 2318 9594 6374 8341 7154 7872 1485 2412 4983 6590 9801  76 7623 7799 6560 2100 1538 7685 780 9729 3535 3335 1212 3556 3825 464 4641 2728 7758 6284 7272 6214 3366 9546 399 9235 2196 6915 1973 3022 3628 4728 5652 2944 6988 9899 8003 654 4080 941 184 9743 5653 4634 9724 9681 1008 3027 4602 7145 2164 5521 9617 5068 9782 571 7138 1491 7862 5279 5943 1452 1419 3821 6677 3266
189 498 1167 6440 4312 393 756 3005 4627 1729 5921 9139 4265 3913 5268 2591 4839 1374 4805 8314 6710 8685 4688 551 7401 2323 313 3124 2232 8333 9220 3643 9859 1993 4828 176 9398 6786 582 9477 2509 4121 9180 9798 4804 1455 5766 2020 5548 3112 1856 9683 1722 9677 4969 1733 6495 5996 8997 5191 5974 9600 3252 7476 6923 2250 5123 1537 7372 6849 4217 5512 1262 7992 1040 3220 177 6155 963 8452 8998 3085 4889 2930 467 4418 2562 8655 3960 7412 6551 2812 2793 7245 1980 1459 2366 7175 1378 9008